108
3
1	22.25	23.75	
2	22.883	69.7128	
3	24.375	123.719	
4	28.3	179.18	
5	24.3226	227.661	
6	21.6011	275.399	
7	23.7037	326.611	
8	25.5	373.811	
9	24.24	428.08	
10	69.5714	448.482	
11	72.1275	413.284	
12	75.6509	354.198	
13	71.4091	303.47	
14	73.9154	252.069	
15	71.2903	202.532	
16	72.3814	152.72	
17	72.217	102.5	
18	73.3983	58.2288	
19	123.258	35.5	
20	124.76	68.44	
21	121.282	124.995	
22	126.296	173.949	
23	121.614	223.614	
24	124.969	271.214	
25	122.827	319.845	
26	124.212	374.038	
27	123.786	432.7	
28	154.227	452.424	
29	176.449	407.788	
30	174.777	356.515	
31	173.05	304.55	
32	174.142	251.651	
33	174.292	202.812	
34	174.738	151.2	
35	174.108	99.402	
36	177.167	52.4667	
37	227.224	29.3276	
38	224.288	74.3269	
39	224.287	126.82	
40	225.138	178.415	
41	226.011	226.922	
42	226.19	278.534	
43	224.81	324.669	
44	228.716	376.5	
45	228.696	427.982	
46	275.224	447.845	
47	274.58	404.767	
48	275.953	356.009	
49	276.542	303.875	
50	279.792	249.75	
51	276.263	202.415	
52	277.288	150.773	
53	280.646	102.479	
54	271.377	49.9923	
55	333.161	25.0424	
56	330.154	72.8269	
57	327.788	123.466	
58	330.5	175	
59	332.549	228.988	
60	330.052	277.397	
61	329.208	329.688	
62	330.78	377.94	
63	335.783	428.519	
64	379.431	453.222	
65	387.05	412.55	
66	387.1	360.267	
67	386.891	304.641	
68	386.519	254.404	
69	384.019	203.047	
70	381.284	150.841	
71	382.237	100.789	
72	384.443	51.1	
73	433.802	29.6395	
74	436.791	73.6091	
75	435.194	126.806	
76	434.167	174.167	
77	433	227	
78	435.411	278.722	
79	432.462	329.038	
80	434.875	381.417	
81	438.839	430.076	
82	483.921	456.254	
83	488.65	410.4	
84	484.303	357.015	
85	484.534	304.672	
86	483.777	254.669	
87	481.049	203.683	
88	482.938	154.5	
89	480.533	103.533	
90	482.274	47.371	
91	532.22	26.3902	
92	533.074	76.8519	
93	535.869	127.667	
94	530.649	174.172	
95	548.534	228.707	
96	537.7	274.718	
97	535.808	329.538	
98	537	381.46	
99	538.857	431.482	
100	587.184	451.132	
101	587.075	405.925	
102	587.267	357.889	
103	589.611	306.468	
104	588.639	256.278	
105	588.711	205.5	
106	594.948	154.776	
107	584.408	101.685	
108	583.639	49.3611	
