108
2
1    123    
2    39    
3    32    
4    215    
5    132    
6    294    
7    69    
8    104    
9    275    
10    270    
11    114    
12    30    
13    157    
14    215    
15    65    
16    309    
17    345    
18    327    
19    89    
20    109    
21    170    
22    78    
23    25    
24    189    
25    82    
26    54    
27    201    
28    107    
29    207    
30    209    
31    7    
32    88    
33    247    
34    38    
35    302    
36    21    
37    90    
38    128    
39    240    
40    6    
41    39    
42    353    
43    151    
44    311    
45    325    
46    216    
47    261    
48    70    
49    300    
50    108    
51    178    
52    111    
53    185    
54    319    
55    308    
56    252    
57    130    
58    258    
59    256    
60    216    
61    345    
62    90    
63    149    
64    103    
65    153    
66    309    
67    107    
68    114    
69    219    
70    59    
71    111    
72    200    
73    231    
74    353    
75    1    
76    49    
77    102    
78    135    
79    70    
80    51    
81    234    
82    41    
83    42    
84    305    
85    208    
86    107    
87    314    
88    337    
89    122    
90    211    
91    310    
92    225    
93    59    
94    217    
95    327    
96    327    
97    167    
98    192    
99    199    
100    143    
101    8    
102    67    
103    100    
104    239    
105    62    
106    216    
107    45    
108    163    
